16 7
u / d y e g m i r a o ! n c @ v
240
0 1 193
0 2 142
0 3 402
0 4 61
0 5 135
0 6 12
0 7 42
0 8 125
0 9 73
0 10 471
0 11 375
0 12 419
0 13 67
0 14 18
0 15 254
1 0 339
1 2 372
1 3 366
1 4 69
1 5 371
1 6 361
1 7 149
1 8 153
1 9 263
1 10 62
1 11 24
1 12 424
1 13 389
1 14 13
1 15 419
2 0 371
2 1 483
2 3 63
2 4 52
2 5 322
2 6 475
2 7 64
2 8 365
2 9 378
2 10 137
2 11 115
2 12 254
2 13 334
2 14 182
2 15 50
3 0 367
3 1 300
3 2 422
3 4 12
3 5 369
3 6 73
3 7 373
3 8 297
3 9 226
3 10 138
3 11 359
3 12 28
3 13 340
3 14 249
3 15 318
4 0 260
4 1 121
4 2 303
4 3 323
4 5 451
4 6 403
4 7 77
4 8 16
4 9 47
4 10 455
4 11 431
4 12 440
4 13 487
4 14 266
4 15 123
5 0 39
5 1 411
5 2 201
5 3 239
5 4 424
5 6 349
5 7 90
5 8 298
5 9 147
5 10 316
5 11 214
5 12 284
5 13 345
5 14 55
5 15 34
6 0 164
6 1 316
6 2 432
6 3 245
6 4 417
6 5 384
6 7 427
6 8 495
6 9 179
6 10 474
6 11 229
6 12 388
6 13 415
6 14 218
6 15 432
7 0 317
7 1 35
7 2 345
7 3 296
7 4 52
7 5 270
7 6 423
7 8 143
7 9 346
7 10 348
7 11 237
7 12 62
7 13 133
7 14 360
7 15 117
8 0 444
8 1 303
8 2 211
8 3 378
8 4 49
8 5 130
8 6 41
8 7 254
8 9 403
8 10 497
8 11 8
8 12 410
8 13 386
8 14 201
8 15 406
9 0 320
9 1 296
9 2 441
9 3 443
9 4 94
9 5 272
9 6 214
9 7 295
9 8 415
9 10 338
9 11 145
9 12 153
9 13 400
9 14 278
9 15 15
10 0 296
10 1 224
10 2 96
10 3 285
10 4 380
10 5 422
10 6 193
10 7 199
10 8 178
10 9 97
10 11 198
10 12 186
10 13 286
10 14 362
10 15 387
11 0 193
11 1 183
11 2 462
11 3 136
11 4 404
11 5 57
11 6 186
11 7 396
11 8 352
11 9 102
11 10 236
11 12 275
11 13 33
11 14 137
11 15 55
12 0 325
12 1 211
12 2 57
12 3 421
12 4 497
12 5 215
12 6 345
12 7 191
12 8 414
12 9 24
12 10 67
12 11 113
12 13 487
12 14 353
12 15 254
13 0 153
13 1 47
13 2 437
13 3 116
13 4 460
13 5 343
13 6 450
13 7 147
13 8 240
13 9 82
13 10 27
13 11 254
13 12 357
13 14 61
13 15 170
14 0 190
14 1 164
14 2 381
14 3 25
14 4 87
14 5 157
14 6 240
14 7 210
14 8 127
14 9 156
14 10 12
14 11 194
14 12 47
14 13 0
14 15 325
15 0 301
15 1 430
15 2 150
15 3 18
15 4 325
15 5 112
15 6 139
15 7 54
15 8 37
15 9 157
15 10 413
15 11 342
15 12 412
15 13 272
15 14 181
